lift:
  pose:
    position:
      x: 3.38024333356
      y: -0.707694082116
      z: 0.0
    orientation:
      x: 0.0
      y: 0.0
      z: -0.59235272545
      w: 0.805678750279