lift:
  pose:
    position:
      x: 4.011953830718994
      y: -4.4152936935424805
      z: -0.001434326171875
    orientation:
      x: 0.0
      y: 0.0
      z: -0.59235272545
      w: 0.805678750279