door_simu:
  position:
    x: 6.133732680056999
    y: -0.7289013393838328
    z: 0.0
  orientation:
    x: 0.0
    y: 0.0
    z: 0.028572161371893147
    w: 0.9995917324560756

door:
  position:
    x: -0.8110280734845722
    y: -1.7996335500178748
    z: 0.0
  orientation:
    x: 0.0
    y: 0.0
    z: -0.9671729273733352
    w: 0.2541191227674403

